image/00001.png 66 178 100 211
image/00002.png 55 171 92 207
image/00003.png 47 171 98 221
image/00004.png 67 186 95 214
image/00005.png 72 187 91 206
image/00006.png 80 193 92 204
image/00007.png 82 196 96 210
image/00008.png 85 199 102 216
image/00009.png 81 197 98 214
image/00010.png 64 182 80 198
image/00011.png 57 169 70 182
image/00012.png 47 158 85 196
image/00013.png 62 176 100 214
image/00014.png 59 165 96 202
image/00015.png 48 158 94 205
image/00016.png 43 150 95 202
image/00017.png 43 154 95 206
image/00018.png 44 158 91 205
image/00019.png 49 165 88 203
image/00020.png 54 169 92 207
image/00021.png 42 171 79 208
image/00022.png 27 156 89 217
image/00023.png 43 158 93 208
image/00024.png 42 159 89 207
image/00025.png 42 160 86 203
